10000
49540
634149
23376
811393
823168
605393
482129
55743
436714
275029
711811
430158
24913
729210
308058
252454
469953
780962
477268
159109
629826
764800
724870
889523
794763
859042
310255
965598
680531
230708
417578
819828
800401
326907
271215
529559
733380
780726
745459
521568
969368
980411
195986
505165
740833
790948
739132
607432
251366
42193
425678
501283
908292
314486
458302
349391
402570
688829
710245
848683
356019
9493
661684
218685
699717
655823
285818
353116
677875
589646
276708
156845
130529
277867
562646
658187
410414
493601
230160
155335
674561
781570
627297
542942
482806
306881
991885
52480
738054
769171
489176
477884
679782
407022
675244
188690
195788
858638
633192
183244
841986
642564
349908
919041
54359
827128
343225
270870
637003
232077
148518
642267
263152
966892
931141
52615
10461
989998
86272
751786
978487
376301
481731
571833
35974
974703
121638
346296
401351
641883
470660
782285
246695
725355
613373
293253
20987
498085
374399
888354
756551
922443
263189
537302
916700
165619
933187
207474
286423
33171
718736
944226
471460
165092
763248
234714
400338
396121
574421
512953
233120
408092
691663
761983
696681
446035
387617
865262
478737
156980
231308
321958
702914
33697
546530
747616
844852
248634
836945
23196
500170
639413
67824
30151
646343
496780
118051
987642
59672
493739
936811
514116
905870
613791
294047
714357
927646
940147
552020
864808
341280
584717
535263
483479
753813
324350
992418
760046
370809
125729
507338
347482
47457
957315
894938
229169
103666
594608
979806
515942
152127
918173
265012
583314
729179
267120
529525
501339
990791
560807
204135
265587
19899
798483
196109
923611
888174
233843
965613
162886
450751
723216
736017
173898
338629
151820
728463
914438
941297
161348
25374
570912
485467
351187
64496
909994
68024
762412
526677
728392
847648
783878
698751
744979
94781
618879
595151
628722
71619
743710
356553
855892
661624
652602
890224
226598
951480
9994
495673
410460
434264
71480
106652
203989
309057
988171
452762
826647
951670
532129
389376
876010
648593
769622
827674
179488
228843
926913
504802
266922
120232
737012
798133
568660
942352
350634
864841
767296
350715
708408
42029
313823
688848
428986
817456
377864
802674
81941
385239
324177
597564
876855
513154
518155
267348
554029
999800
887466
316223
386757
773360
369745
657311
839732
898735
851178
901912
768408
55500
127823
356543
69607
575991
60459
324681
82637
195856
812747
525767
371094
672562
751835
284669
472283
101649
33087
954917
923840
404950
117252
846103
572321
792105
921146
658334
923678
201630
620449
796751
240284
754265
707287
365789
104326
501526
883067
739123
128463
558911
153964
638118
437746
711383
39596
810922
219976
484576
741313
793734
161140
346320
684399
69163
262622
270914
516294
102387
452696
67718
515275
862483
883278
926672
559516
671415
127735
164564
647918
105465
485183
353271
254798
289211
391929
946535
254822
293507
62951
336610
902023
548246
870606
423844
65319
271715
902276
628502
457246
135291
618029
929331
705493
517678
687782
854084
470841
721864
307754
584615
907863
353079
639485
28990
825937
119868
423390
113406
507410
659176
705067
282210
249043
689794
287733
776251
311201
877126
546554
261151
150834
879488
164180
942503
184324
908406
708698
795426
904275
3815
620415
6897
751003
473587
797348
2328
282804
186340
23610
834568
836392
266190
162672
456381
888243
197453
14215
661932
523908
189035
746105
251407
19306
739964
959731
123543
349083
312605
921728
974885
244990
647112
777683
378547
590013
496659
112918
828808
357088
621668
32429
659839
950609
605836
414246
446606
615548
726824
285307
84219
210182
279135
782299
72791
520415
249487
243318
91324
128648
727299
70533
219619
759939
752999
441378
673626
392232
589475
501760
92292
571144
122367
30614
284884
235339
578502
247825
370596
63686
658400
639913
23163
333817
82494
916076
891743
842689
72314
50972
673421
120875
880071
515367
81904
433304
38430
995870
348241
206711
622839
521668
548147
969200
230635
402158
740428
876511
268973
687430
227636
590394
898784
685547
951097
500425
395354
881220
57641
645393
121322
483710
883518
967634
630104
990980
604114
782153
361203
297946
581355
773029
671870
519486
231409
207676
282008
696138
76615
664035
263514
997829
301578
843180
806270
165857
659731
272691
132874
220687
734620
849093
726620
687254
710249
639597
291406
42892
372543
935866
540466
81316
944379
163803
645128
709750
556647
26348
848334
155835
449768
511226
574723
767335
505450
279760
732702
636862
443877
893933
631469
925784
579355
599651
817382
363655
153426
330344
735494
107330
155021
826091
860878
272754
931818
371444
475349
355616
184762
791125
171361
333794
178646
993824
732323
736391
563298
539529
993864
820103
643864
750500
547072
129310
26608
694904
804036
925842
315601
897242
319392
348040
704115
813886
9007
567297
167905
912990
280611
273149
157161
299853
201878
182530
689299
849159
374005
994419
189872
168233
852589
75080
854046
537526
794476
214303
924538
617444
741295
404522
464342
59728
318299
983702
892793
641610
428866
997570
190300
347086
739688
494720
906985
258639
828183
974180
252132
569383
776408
832107
713010
384801
610573
863737
467125
879705
911254
215966
706335
313023
981897
255150
344191
349557
228009
846095
826102
119481
201948
97996
239610
753018
233726
547993
313487
143304
95443
35772
343201
30602
476169
258889
760608
445573
630071
909277
478037
294741
140988
962464
56129
488861
588984
579213
574912
694599
703739
169661
828498
364587
691881
640332
368124
142844
657049
996417
511736
795333
110633
901788
920397
699684
691167
405469
814262
216700
604457
119610
466989
315676
830704
856934
514975
320217
83650
735505
975400
996577
663790
330752
570953
490187
304764
271846
303747
926374
976078
773674
335503
984256
896805
723729
148419
519409
517951
724202
443834
609408
982346
222402
593029
728584
123296
726893
358930
306481
57258
843696
822059
723684
349099
760928
562614
533691
580471
299059
660065
362970
697714
881142
765915
662306
805958
672052
176048
467774
789715
163794
256394
619577
265217
782208
476362
634026
26534
146323
756926
786838
401875
11773
473906
219427
481524
726097
992629
366981
166703
987384
447868
401615
779942
886531
358097
512910
119967
122188
916342
436266
36326
686115
62824
191468
477915
555247
47412
161011
679740
541391
452035
507658
706360
614902
93525
487486
526727
154341
651724
377169
606844
716967
662934
720579
619151
769429
196488
386230
940267
19045
451229
992432
191378
504107
927278
426404
841408
811238
639485
451171
35944
520738
359044
543974
554433
39155
771290
579093
58866
197977
646078
338022
260928
488583
59162
259784
64356
453230
562368
812106
100118
942155
912880
54365
445934
356136
158123
696153
582622
1671
481621
727127
582605
401549
384960
384278
198826
285026
611024
238415
273414
282498
475542
84145
509539
14219
865975
588983
357327
139602
860484
555785
893830
839
534209
234881
976997
636770
624201
366163
590616
981581
243203
850122
676138
187996
886916
495597
98581
324918
873684
142381
272792
324948
631306
676497
910998
256382
963601
874846
616151
500760
917584
189109
76310
653062
945529
705823
688354
2302
365550
393879
548592
910036
374828
986714
7605
675948
151430
855978
710889
721210
432198
515361
327458
538423
673047
157351
925658
651168
333040
423624
788612
825680
474662
377131
188556
839584
611199
734513
904890
18541
516564
451844
487725
700790
396962
856244
63841
367091
349493
921150
477503
17209
665655
512060
231069
563681
644645
364235
952860
990133
41496
376506
861625
112761
774579
342862
81326
994621
571250
110167
654575
573601
543355
420978
52988
380876
106204
792596
819638
5838
756122
283552
914755
264951
537889
189535
457377
355143
587911
637705
903178
17959
583380
794323
551761
55850
371846
391728
602833
880087
70032
505011
931211
890294
568333
886708
255263
994038
489514
558013
157033
561100
877526
658793
167044
53746
247675
951074
376925
751026
784952
48788
190623
351120
887438
837158
229933
298008
26833
90466
195868
904418
309025
237427
828661
708892
915354
106595
984096
35811
210014
245431
242298
475189
676532
343532
640064
185624
23658
998489
2935
919876
569503
938405
550539
99513
271823
641399
567722
814739
392536
392480
74955
212548
211514
705379
593031
305618
601048
311725
516242
186865
479638
240466
371054
57166
348378
198106
546027
770672
238562
353031
234794
50831
351429
319249
587757
557811
407103
390742
191733
175018
289519
460777
518130
50219
56034
489905
839203
904532
466221
406851
138133
689538
428481
182528
959396
767201
443707
423483
285922
725833
855349
200371
971600
739787
110644
353458
454904
435346
53538
858485
239017
262343
494141
286030
443224
228888
871911
334925
488769
484209
814339
741524
208642
868180
665309
972342
701572
440713
537621
886253
508766
575863
299888
253652
463769
354168
479336
502136
513518
817692
308879
823497
652938
138429
127974
917779
869066
337120
474795
268460
296349
233916
22032
119907
249656
330018
211089
807485
88085
722788
760569
956854
209370
62402
705563
778352
124132
252590
231326
782965
686952
13834
926322
178381
715799
765348
646400
306173
453104
222151
646112
17420
685015
304511
769056
564029
202687
918978
903973
161539
536139
784588
754677
690381
57477
615632
617347
163741
417857
857157
70973
248516
596384
904953
968189
528018
137477
914248
819850
371417
202834
124427
802433
711258
99907
105793
98776
761061
400840
554076
291008
138337
757750
932974
846991
477162
663274
875596
548612
323609
983935
725626
784765
845348
166853
258816
904794
669061
470560
126246
573852
492527
98939
404959
438631
155256
824819
405349
558800
629688
819312
587389
911150
760584
743974
539928
592563
109191
715367
101975
279855
108592
531867
241268
492558
290798
686917
632897
969875
148382
707288
924000
603773
415468
943223
987717
117252
256707
336135
354429
407853
884781
17493
25924
553858
995812
290204
402364
326064
796737
776159
428079
98439
770695
911519
784778
450509
413370
390698
692341
20549
883534
573892
99366
147999
998211
672239
206985
719813
830708
602396
411088
43887
423294
964435
328742
519436
981824
864083
532153
193590
969120
991558
864706
375850
708672
73820
604363
302964
882672
569982
851542
343957
306816
346421
484828
158931
523975
84738
103318
89545
676727
804621
92112
521320
906901
311790
481959
486336
951193
888331
306513
994001
269609
358201
913745
828591
461770
963384
84376
766983
863161
774351
987861
213542
336937
705708
697053
736756
331720
66494
443034
720112
877698
834879
888246
252823
860485
847657
7001
215404
770523
396140
172068
655477
890456
623746
198671
710119
669403
921420
767983
830475
761369
547464
696640
692847
80494
678015
465945
2979
604100
676513
892467
1037
215646
145580
69714
465936
186812
581756
585467
784849
156790
762721
754663
410857
351858
47999
46061
888100
769183
505113
686321
654543
922212
673263
462610
788359
890042
834402
843213
574881
605395
148645
435136
79365
550646
558360
295896
881467
439512
508276
438922
197325
737695
861344
591320
555876
146301
528950
928757
703100
747572
915824
924791
218304
383033
395366
65403
602982
277638
518349
736719
196712
513689
839373
497838
102997
147174
439793
987137
642158
588845
70519
291439
874608
879513
432575
981774
420882
308157
770307
234032
286792
137670
847354
166417
285648
405038
256693
602516
144269
96584
692566
739313
291705
958610
691339
342265
188501
122817
442691
774356
804435
559192
299776
362274
288610
975119
652976
489798
545777
864207
862334
429644
842869
951754
508662
920579
128581
749237
770908
583307
230773
590371
230363
535436
189134
142791
132858
762516
658413
973125
764025
302498
64712
548468
641013
84050
421937
655391
471324
83045
837456
432500
125899
162450
34660
784337
668997
480017
138709
809356
24735
412982
231101
999795
221878
637311
176293
280482
959528
196228
691604
820925
164409
586459
963890
927589
198329
914887
983076
487366
900832
883222
59797
909542
855700
676951
639355
527560
939356
176524
400956
934263
752075
60497
494512
314775
486199
619724
145254
947544
589881
838302
495292
223880
339622
329414
888914
599943
843826
38227
691022
516683
433596
230153
871834
53148
18907
562523
579903
116470
681650
379165
55523
496822
1350
148428
945394
596341
610585
361047
196228
721397
501681
25565
485995
988210
938431
823855
922745
161487
669659
109016
223014
930957
648104
321471
860781
61407
450037
19247
688583
762379
41905
437746
742906
881320
335917
158139
159144
450742
323723
28257
602386
416214
923594
313514
45268
632250
201309
405352
807093
901902
115854
507379
423689
938665
900090
763997
787311
157345
525386
26696
416471
314600
789216
116338
976071
768564
495371
569776
277033
124093
684170
287288
104183
221166
922274
841525
136216
790982
298978
765832
491088
170168
684642
277723
970786
348357
567216
250115
302188
675416
241061
568416
472629
512727
617702
342859
626398
356880
397655
765998
968603
940988
639376
599138
811675
78704
955322
312810
810869
218553
263188
986044
137254
975327
45530
326288
727788
979396
492895
610031
12318
842818
294422
586277
838078
330979
138584
306427
107822
646330
872627
511297
313024
330939
570644
726704
54734
933985
641927
145218
41091
165524
185699
865189
508970
789801
846641
410543
481800
105428
829286
298120
429807
703899
860922
881040
948564
457781
288743
537254
190667
419316
260269
169863
300
17338
758190
388816
672928
596895
79560
716430
362169
1491
153664
84677
884839
388457
111948
170488
848712
711381
406965
76958
444745
920517
458331
20551
468292
369880
214278
626433
397968
562609
426592
373927
835047
193460
205890
444284
267957
903719
14276
110960
194783
879473
237460
733051
953225
819683
659614
783533
451172
466733
15824
503883
805708
306358
486632
781905
22254
237092
577342
858876
782460
357709
349254
705542
227768
913871
451651
179843
818943
768498
634417
314746
99403
997092
862122
888528
89486
73920
604763
765441
83262
932250
897309
607960
592900
259596
60063
491826
187975
241146
27318
74588
272234
533589
438755
831416
393747
854069
155874
881963
758780
679097
830874
294422
640173
334550
566153
744551
666817
545535
157734
790683
239182
914757
392454
542776
771023
688410
171412
729782
346645
671735
205429
686827
418036
329372
142798
450869
251175
601169
430078
459221
306340
287074
497833
358020
326339
545338
246219
887607
783143
789797
466503
492335
103484
206189
713848
214332
231377
284595
204049
163687
861341
449813
533790
399432
705069
739905
933835
402448
268126
173387
164677
770958
917683
331738
871308
922469
835079
327990
1389
856784
556457
948369
798341
279244
150022
715928
766293
74819
537528
242692
878385
15587
101492
72320
134630
696618
40104
959903
738302
479899
228491
16500
707254
232522
852398
568144
848482
851278
515159
800076
893611
207151
584189
543901
38955
66358
766350
430969
688867
282799
206233
280771
298007
741134
442534
614982
613264
130877
166861
880235
839188
510300
79298
411834
875778
62625
86364
837120
402709
372236
767737
955286
466687
130868
810105
440979
321275
690683
300447
152489
66922
971687
341590
191197
656028
915821
716584
829984
471272
169174
969601
118028
235318
998925
665984
850585
197591
709602
20740
585177
340731
792042
380369
217775
291527
244911
685398
722984
728145
211001
754107
667500
333942
66278
915171
371600
346429
332940
840234
818579
107596
231824
255064
541059
970643
594468
313685
915113
58064
974378
993505
969215
7197
149233
617761
349578
617199
287338
625425
14306
192289
343593
904614
689798
201533
751144
793113
341894
294099
540500
300335
503855
690479
560048
481842
463075
570451
356182
145995
895272
282324
722266
243062
145482
10771
866636
102987
52995
171684
661829
7145
986182
891168
709350
302512
808431
33647
997353
682343
53731
909397
995266
323694
346304
64431
133719
334651
551853
573
553213
73173
792685
817158
291548
167922
260349
236536
814514
37837
523626
937750
714501
256906
452197
746001
196412
777042
429400
960276
231738
202586
987839
383098
937456
64493
260518
266607
201064
752116
195064
230957
778713
464659
503232
843332
54018
353806
419149
212220
550424
999673
213022
858158
912718
642850
63967
127752
251243
349960
833612
676944
965079
481538
469127
612279
369586
412406
405846
951839
280696
547911
534659
7529
785005
3401
978437
875200
854896
730101
101116
465138
526456
517198
114673
751059
394070
870795
14339
973940
857660
957277
975374
906997
414796
558232
391548
902523
907631
287438
858322
218810
884332
292092
16390
244921
714291
105373
278590
917705
375646
505761
657684
226204
57268
621824
659210
82749
294801
782245
230779
176000
628595
462557
583396
845213
414637
114183
619824
272840
509739
806485
799138
825013
634510
735214
515119
755789
776916
655848
333472
242627
351347
451406
627752
772697
53619
117568
262881
43004
945323
293476
865737
359355
126589
762216
812379
354898
465808
224120
129407
662474
989097
339836
307734
381594
573822
602082
278138
644913
433726
54921
981832
5019
654041
10285
916650
691829
707832
126584
850149
667325
663481
92145
580858
64585
626139
81721
149627
72046
884229
12648
60020
978506
988330
975874
446344
410766
226045
819996
49830
704897
959025
393306
220671
70401
324310
768633
5911
609802
338595
685308
202150
403738
784305
610014
760878
601187
355195
398581
950788
975978
635425
487155
959137
295571
933566
833222
306546
633462
892845
26844
956632
288842
495277
451626
281070
362493
164374
369486
602996
606602
476927
102134
235286
303931
388515
973689
363456
65323
248558
268256
618133
402144
3720
977707
821990
96464
206514
392261
645750
631622
684122
27398
239234
492224
355902
418214
229104
439415
203488
729709
321741
609969
564536
124561
874665
783876
658634
713646
854036
868050
213373
66983
276745
606301
357691
675316
490778
601436
17370
455824
258587
475794
382369
897095
9580
24940
403188
157498
37785
126924
926874
528766
829788
691416
920042
397948
456050
501087
614023
19174
740577
618235
483512
299993
542066
659778
865869
218787
501834
88663
6868
543895
24300
247413
190446
747772
493324
569639
488581
998139
512658
523181
321794
654790
366783
73937
703008
430304
397727
346368
758413
832830
621015
329137
521495
287416
373628
289056
888114
187226
492794
699869
885758
452499
534861
557049
735295
607688
863891
297150
490594
659004
236104
553389
920642
732798
894435
357096
422854
685092
729518
922229
93673
840685
272608
772747
750636
237254
325889
924969
368517
101638
110123
113740
450334
677104
95016
424944
403276
973445
469431
451519
867663
21238
484318
735344
237586
747417
409889
970332
847277
405151
367430
755243
660790
448723
679110
895992
450763
877890
476327
989310
670030
776618
326861
55129
984438
823491
588029
845125
434072
604681
25823
520161
533618
269740
532868
218274
641687
918084
783767
610406
640815
168784
437590
18673
397628
178416
911854
525976
790069
430030
249615
974979
53909
517123
279655
722157
622582
14851
444430
829096
742585
324729
304356
692282
119731
419647
205054
381680
358572
924872
193497
785693
533247
133096
253781
387163
360452
707321
351882
173702
962640
356595
289411
575935
847070
741735
584837
706971
280678
217305
867390
792089
823565
501973
431483
446476
828503
930258
625156
360300
301480
504584
861435
153809
570583
12124
495808
775595
723248
356177
384234
905274
775957
882983
37363
727107
557690
272703
344941
630782
821590
785599
109300
523933
730676
838327
272053
623748
117102
393261
921586
779259
690346
685809
424082
958427
499107
96328
816154
749784
489220
493146
742284
809131
915012
61175
317680
769511
374430
501991
278030
545889
911890
14723
354916
98246
412201
101621
736277
852088
550952
540145
698689
872236
839035
543300
951070
254686
94743
241566
479567
779210
89830
753966
782062
527656
158349
426805
19753
186579
439584
492351
879270
123327
292582
602263
706873
194722
297431
148939
801345
60267
467284
6346
288531
234609
595687
962006
652262
317281
296681
310366
409867
241803
243431
987901
731974
939728
922060
640337
838101
75499
230330
241505
759314
390622
320279
971550
107646
715270
584633
711710
397377
798955
585607
923974
870160
136356
175459
395597
972432
578328
663651
8248
565890
61946
53048
876644
249323
158363
204424
975549
119495
60792
884304
727872
338548
795004
151854
657139
735827
23433
104720
555238
298131
450499
758006
187649
898117
568325
859698
65703
527863
807403
112059
233185
708344
942403
708179
678038
514317
25947
778393
80012
56658
615628
501995
492365
884359
293388
629391
278398
469545
534293
197397
785187
754611
697345
566578
882222
881640
823595
732075
446885
967864
516816
424068
397105
208383
232796
67962
894393
385055
332076
767216
484115
868225
767759
637816
264943
219013
906623
933847
278554
351328
909575
177498
752623
2991
599308
13385
113319
21297
588472
930119
48841
296309
714450
149401
508340
307849
100034
971270
839938
814473
404754
1112
878112
187226
232600
126100
153922
547973
611132
460334
769862
941030
266871
158472
114896
27928
51262
221040
656716
865693
956215
159416
486816
111201
498070
474668
305153
975044
630644
355271
787636
752045
638948
308278
957723
653033
156578
705147
146277
417243
84764
657134
422678
839514
95068
352213
216510
516225
687853
911176
736797
5747
89016
715393
501343
844362
131557
572716
585831
683206
906095
663932
98552
910612
602272
1610
8955
683395
322592
714969
740337
889180
582906
420974
328157
686715
250633
626981
776226
535692
617341
913602
608160
370311
381955
946521
644763
289864
699242
108887
10223
621585
719875
610684
538647
418657
606121
864775
883364
25481
674742
420912
723143
47503
836748
765691
1438
693498
42654
618257
939086
243050
922055
636580
393688
414292
619103
416719
731682
342934
657135
894593
841946
317861
186950
211878
647653
116983
260033
626300
123473
317901
691391
929187
262175
23186
773535
188126
177133
135907
991950
467983
927620
883825
957253
233949
493719
770233
101922
443068
696923
790585
926658
131921
618378
250645
210479
52426
218804
300669
368013
986362
853642
541093
541180
428828
191296
166046
265525
597265
456234
209673
22816
176364
631514
587135
141912
776734
542392
782657
327671
601904
883904
706439
308427
216930
685849
92332
898974
857179
124118
264949
91447
55636
111875
796636
606652
299511
462535
667647
321391
955065
808514
26439
288482
479601
788506
415563
117394
727324
598793
258128
610390
439357
39145
279759
817598
805634
384760
36013
733828
794865
226042
965544
626363
389023
585116
952272
727421
943765
948661
448688
800899
717055
302443
227535
14192
533925
312830
749689
359481
431582
776915
735320
874525
993829
471369
566909
661064
359874
549991
548824
337705
857812
328489
921206
741564
912595
967803
532082
718792
936222
752853
71163
270214
926576
464572
815821
529854
235450
95688
985131
743275
75883
52089
203221
394210
54856
505123
649957
713954
941925
80731
941620
16014
215497
912249
517287
822897
360323
932701
678502
799074
771295
872660
709303
551530
483049
899438
845247
731542
4035
994775
327106
550749
488091
639972
786523
596462
424158
627191
329704
969356
506740
551003
137011
24402
231583
773669
503069
359884
877982
277602
970037
251957
206118
324038
84417
120921
825104
814175
990627
628907
987656
117603
169276
966963
47320
904841
27753
530573
604792
187758
181708
338761
660870
202243
450218
650735
439712
718520
178521
298586
420181
376206
405403
570303
32516
476545
82520
586676
994463
863831
669624
811824
350700
934961
706493
930024
341151
184023
471395
741806
172404
570440
370228
79376
767988
298950
818678
861695
885914
175433
898622
259215
246227
376644
568124
514460
492413
728836
481829
720887
380321
949259
829734
677143
728694
484143
463170
915237
825749
258277
645571
202758
829093
606274
397160
478218
472821
87211
710129
827175
273655
873161
840269
542920
922243
226630
276433
887814
874828
471704
355437
815294
179439
277928
901555
960594
25819
107542
721040
998930
731569
381215
666693
583957
178869
492979
495318
575012
579340
574376
749538
83705
279774
72444
167248
27562
58015
415720
323718
369656
404887
767960
953689
125203
696884
735376
813623
919369
729707
383979
754910
647625
675040
563163
171989
403626
377194
327614
869792
442382
396849
486607
528851
972442
261568
739330
693017
638304
973260
354962
499205
471839
400859
871208
220718
121093
719796
515825
953945
560866
903392
699789
958195
179028
73463
395185
888773
654053
716787
260719
200222
329216
638395
661845
294820
265027
410918
660512
959367
241514
641800
651735
827713
234563
696062
506882
966563
673536
284552
585509
337518
332827
968615
663265
137386
14843
793648
149057
141392
775949
139962
62413
954753
543598
862247
302177
965056
999766
724679
332161
114648
830568
982261
498793
775614
26608
770281
931361
751170
121129
11031
840897
612996
290544
535225
513920
133762
890008
870837
14916
582015
50457
680923
481896
316750
849637
219031
84869
476007
819530
99712
66337
824082
445062
870243
518377
262364
893553
505162
922356
85863
174401
448124
41559
281008
378487
465389
992294
198317
490003
732624
222006
209034
396190
635131
393220
485391
797424
468364
468884
342924
571668
212844
902061
200105
786776
768799
203414
7130
533881
743773
947911
96953
284091
935144
881467
373544
951562
715234
264117
103352
685107
704755
464947
896536
873274
280974
563014
916445
176529
811648
876055
917779
423722
570143
211131
129359
424788
65885
260262
631268
62070
848354
461983
303727
643627
68178
385716
955876
624405
855336
130520
650615
211530
355760
2679
77328
650727
478754
311871
682419
369044
923609
461390
77007
286436
252203
543693
869054
894543
846687
95170
794296
574014
238822
930705
308321
827905
973930
15965
599630
898073
581406
861388
664842
965190
157228
282398
905535
216548
27330
925233
982246
149394
286089
875712
929913
144640
560096
730120
106621
391465
573147
585592
269734
416101
899139
540749
791076
677839
407304
193267
504197
622257
649454
464072
591414
146245
372822
96740
965905
692389
882688
891870
336817
464553
578485
390132
93653
721966
834767
641090
785194
791978
901195
868773
615893
150077
160220
922767
760919
963756
728276
796889
994049
910681
400595
354529
937067
577893
368931
849727
330714
485720
475574
355935
347339
580731
53954
64507
475185
686828
626983
444123
464641
54450
962310
526402
527903
771723
839960
888066
909533
733756
439060
466958
639392
899514
393385
647392
527222
113691
108288
35995
973394
15310
975816
518016
692077
398739
270918
840082
330603
522920
499083
786821
454064
305990
241071
371711
216975
579037
589446
751581
12655
638115
843118
16775
420657
473803
36104
817513
540563
334798
718641
579458
165963
590007
435175
592283
381391
857441
93865
563248
704480
748983
658574
369371
85071
987751
506117
674824
513901
726277
369600
354244
685301
23265
227519
362124
247238
622236
571962
961261
600064
18626
711126
123947
283207
753836
380267
864147
625893
201331
450201
939848
449980
819315
162595
12423
155204
323053
459952
344807
287957
655181
281016
801245
57483
739628
317186
900941
715058
142109
269132
513675
678986
441172
996304
571297
649929
226348
357133
984682
848956
414753
443314
300815
588957
776458
773477
777958
709059
858711
215709
940061
677196
377989
415421
125261
914877
860439
220873
518285
383256
545304
456222
99161
973595
762078
977039
619442
509491
853232
95168
589083
833384
41072
788597
706535
387053
692105
177257
929936
95969
289201
885637
223994
857247
163800
699558
760569
44593
748495
556017
351928
60675
284962
182929
132606
44922
346975
826065
485668
93060
379543
803803
634324
395538
913478
179847
895963
254980
798526
474752
979848
427246
578365
721921
376866
868869
533610
263025
229240
666993
395335
378736
761326
478499
205171
885159
27263
227297
96491
732200
100947
910391
351401
687820
933057
925593
898264
121046
1373
369389
653129
312640
692555
963403
521170
846366
745445
766086
765301
182277
661092
215703
281435
558716
739571
638107
892977
29054
837708
738513
401483
713314
819174
843956
421986
65212
697398
931543
723695
769516
80400
762686
651041
627387
355523
771299
622471
725157
947951
969506
346263
507250
832945
654351
992925
449499
680252
299729
561272
59656
361119
125736
520111
385638
283037
366106
345778
679905
744682
919716
239766
151458
67810
480629
510416
517541
466694
225010
348385
360420
343942
112031
167154
269813
873122
656174
916776
40945
605873
616635
82306
767425
873028
583197
804200
284220
483324
965059
328321
48312
308992
838418
738606
555771
582620
415656
53483
647914
496279
622781
727650
983056
721707
70429
905723
212802
944618
549995
589948
816332
881440
776124
614189
641084
858633
127739
197485
454295
546915
946219
280315
306353
915825
802542
228070
225673
37484
566298
473379
652871
765529
854524
637606
424472
657616
996934
544875
720805
119606
233074
828174
266725
624318
60760
363954
602732
1489
604131
301316
962845
842119
393204
244822
904209
128440
200865
242866
809989
844776
534444
150145
458009
188555
24570
604956
423148
715981
688500
669092
40574
873914
36543
415876
934678
17098
512767
165068
368139
647173
684568
470128
513925
718156
325059
774338
240755
809021
267168
424028
624194
606249
651473
358419
575700
8221
980965
943040
786642
573010
770776
462409
132550
912975
597469
50156
239760
56718
1675
951304
857352
406327
962245
682698
118246
946088
919333
4811
279904
652179
919200
158233
906946
621475
596224
277786
890965
6304
383877
426825
10516
579999
342319
905868
411905
507477
699018
141568
769993
890820
797026
146415
456281
155723
977619
212362
783595
33734
112379
729666
248192
459798
100186
966180
600958
446721
573564
350581
186369
323982
254490
496927
888803
974085
876128
975650
19682
937052
931617
743490
308451
847910
853728
275186
981354
140801
186908
911854
15423
415685
585224
488139
886763
620451
182405
981341
333042
952340
328685
931554
470186
889611
434227
281369
450743
755899
260916
865201
226321
747932
562235
798040
788539
877825
162511
984129
789811
999168
560837
463320
209024
82441
918732
612798
694216
538055
449948
206943
138138
177299
398294
905422
496812
11677
902107
850932
859137
988752
827870
679881
39184
813165
906817
797917
554500
843412
905497
618324
54530
656081
282695
69339
87079
257206
754318
157508
109554
669411
314493
895657
467465
550985
722722
93311
196948
444203
666233
251279
529368
902902
932096
499830
728199
518478
677754
29291
986403
328329
872100
125201
508436
556422
391292
495028
767249
710080
233093
957917
800022
56437
573282
59155
960739
257414
457230
523523
809426
50626
647283
492276
804142
798766
214473
559091
948762
421170
967097
633922
941100
919624
81601
624922
73776
559678
235698
560963
529043
201173
470585
939726
187350
363041
490513
274137
714109
239079
910298
532965
913232
369336
959785
187794
732344
812112
889741
231550
521518
486075
650552
593992
49974
592681
290118
148540
207707
244482
863675
837410
724608
761422
500456
27437
971880
204765
535704
370556
218108
493756
982308
681168
225812
947540
725561
394939
194868
598050
411148
550157
692367
626565
46146
546152
584089
138136
93602
987668
948991
978426
761172
597039
906043
154459
873700
258572
273881
582715
349160
108450
213882
781269
50274
85144
607060
670860
893495
541170
678483
66358
633631
335990
527336
160676
815750
252760
300771
582804
566232
412232
975664
223275
5709
350835
405994
99642
202838
881152
875266
608265
219653
311289
265466
13910
779009
393812
645957
430076
828722
618631
424284
379859
321453
20486
189385
871944
819791
993819
674934
150157
723125
332466
908291
487333
175449
231524
142295
425534
185092
847561
418466
688551
344115
592000
772106
583284
651754
382659
52974
785085
416224
278979
321501
497085
62262
281865
966926
414675
996081
687344
586722
161758
828181
117404
205326
158175
135742
308272
20876
140830
602905
622855
668069
307598
198034
130840
585556
358200
71659
524406
456045
814233
867462
545768
105367
546119
377854
575345
280115
452121
463178
785997
445769
421145
790210
300052
946198
645608
386048
347437
467317
47337
924658
729569
874307
406090
217959
941785
366760
727751
154011
965788
524255
553831
399351
381470
195054
306385
361677
164060
31368
525195
376479
700561
663845
163050
756937
355806
152881
116
292558
911031
55151
930142
689550
915638
901241
510855
560503
443281
681757
489116
512590
896359
729482
301675
625021
769451
262473
452128
430666
484012
832591
96492
63979
781772
716313
945390
92786
717804
419275
256357
829327
660434
9953
737454
32331
695279
216484
993833
196399
7145
211642
952248
246500
405596
270402
173188
651637
16423
819267
603398
153964
551109
503199
668866
703458
400159
414681
785492
533399
362944
897393
804404
385627
872495
767599
976707
617976
939
975389
317628
607237
241686
361467
486342
917734
965256
239947
138175
775450
639241
959576
642331
340488
598492
107702
503402
787402
794208
6742
871365
381569
670947
60386
960385
497324
491949
211849
714850
511106
538493
328733
470160
833679
399762
128462
609778
899904
556533
2150
272079
987761
78544
344955
792575
406824
528197
602014
338630
985548
442004
940443
381705
563197
927909
297987
773407
900621
101042
896329
840186
815540
302811
891480
372070
864550
915695
483188
749506
569006
868598
592542
220746
825170
485259
548791
654309
763475
197059
486996
162429
986925
881879
96157
599139
535534
479982
78045
232121
5089
604725
496464
636623
372278
497518
448700
846719
17746
783465
62988
392102
154957
621681
36142
380482
713982
994983
999485
947775
986269
535889
613096
173522
577555
229042
411180
471870
852349
933163
742874
104613
653409
277293
60906
892318
757243
888305
858895
678004
956862
639939
681321
872825
409810
891995
725218
314025
586106
249937
905949
311612
606252
678672
463991
944846
303127
858534
869175
49476
981991
886241
672691
7778
60800
746815
912725
910425
794161
592541
198665
895891
815663
370526
693892
244212
399770
505351
984758
384975
729442
965157
499820
331805
430592
767086
616629
818157
335628
191864
537019
575415
12481
119486
872779
608185
692973
11939
453752
542921
951086
591983
434734
280917
636110
164198
32327
369532
496407
232345
312207
674973
145140
124848
998630
497366
686619
219368
160315
996843
499526
842914
154232
180141
352947
426225
710352
510255
763776
788703
964000
780114
962661
841807
471318
594788
952951
450841
168950
834207
267876
929467
616241
548904
48528
836574
558268
693118
384819
201061
61724
106795
824443
546828
168953
30069
400119
131815
201212
571935
735550
63995
919146
832903
695684
530372
270926
854858
805290
872903
687258
37151
894572
755162
956715
149042
308578
55273
474341
847019
704537
884374
583665
31280
173900
333957
180799
705113
12506
679997
506303
344064
186740
254351
680092
109669
160775
6320
873262
163632
244948
428373
325356
186800
293668
16932
903696
674230
631127
956534
938507
267790
172830
277564
521821
381804
473261
196456
241054
317054
292944
660951
309630
12360
950925
457204
809947
642703
364274
877681
347769
854177
419787
826537
639085
303474
447822
782591
947126
518455
670391
13273
63722
941540
686055
434292
95140
948328
921110
635473
880292
289401
434831
750663
833676
615990
647293
155908
571298
635509
677770
582737
990616
535218
434504
190792
361342
322267
559045
210522
412666
774612
443181
310369
912254
479748
330969
544833
196382
230758
573520
789867
784801
884385
551994
18313
285477
233527
475303
62185
758882
810310
949260
185474
190175
420531
652164
424965
757488
96410
553
706304
210422
56043
191033
820185
516412
32761
920848
67009
45778
669459
847372
339373
831628
210859
750974
722698
512265
98036
332998
336682
35822
824477
560599
504618
50606
756862
396524
455983
504909
216156
884833
561459
810168
361845
10602
573918
116877
565116
508827
466314
346382
123362
875921
840343
942615
978500
250428
880249
265644
636776
45302
687333
894748
692527
12126
647080
519349
84168
569765
240372
544900
985641
788350
54395
137971
563060
954617
130910
302527
185169
6870
319024
783484
164938
144385
252572
672041
131262
357409
137215
121061
699235
688445
553554
723427
983065
669149
955266
115780
412472
952097
369403
589560
133163
989079
368894
268159
417244
414330
981646
977100
363940
646817
988000
842759
277220
198475
508459
607719
510822
540357
712178
604057
473224
873470
616101
807325
968607
26530
746648
624255
28010
810329
47659
302263
385962
359209
309437
222948
129649
445421
984017
874217
295562
223031
442587
372563
124588
21801
2345
753910
600375
237315
526360
856187
755641
836992
99263
636489
766575
223133
23272
541322
265975
722658
870057
869977
528292
219805
726776
434554
75163
857014
457012
978552
469657
838779
114706
127318
138448
412505
943787
291465
57997
891988
152028
242094
75333
349816
104641
808246
619231
964146
20627
944475
404129
309646
566383
402223
293821
189626
736700
648556
380301
19737
436086
499758
675157
143489
180632
746751
576233
346418
509462
363241
107072
867697
669950
420151
704224
133553
423295
984729
447910
365128
251820
296972
866139
22150
584978
852912
500419
472314
979021
251433
621700
599673
262810
630020
35889
31115
38732
866395
783141
753160
984874
657357
253271
101294
815749
369450
421073
62183
441390
645593
85791
363715
882998
395403
979821
37964
378119
821534
625727
529223
616873
821221
697480
679963
962068
23251
780571
444535
824431
384366
851365
745813
672701
383625
693257
872861
108352
423874
38943
174757
194944
812644
863515
182416
993548
898161
895403
144724
525913
72628
822799
671201
456748
233895
597170
46016
17720
372466
546391
359152
33271
967174
339174
72970
295629
248146
317682
639272
924012
672397
333686
994440
301099
370941
848967
888098
599032
791138
574564
603243
575815
827030
481133
476944
321198
257517
791104
106876
705141
787409
561911
619208
41886
117438
554966
743024
807489
73267
338688
502974
631287
73393
198745
524464
705923
463576
875222
559473
577912
846301
850474
650352
90594
622938
131775
257115
858723
638908
100255
233129
61083
582708
38298
815541
368473
488130
52650
478800
213664
449855
542797
845904
748465
290589
993844
783609
146306
992815
162272
7639
352198
146479
18464
612566
119036
385554
556861
227266
420963
143890
846071
855165
543297
563101
352841
64703
351231
532333
908020
698069
963615
157211
689623
272709
939345
781411
254106
729851
351956
717397
647503
842523
729540
340097
870097
449765
209947
226889
925768
270276
280684
820754
65293
426754
89593
291456
91234
510128
456593
85921
123191
967245
201395
20678
858650
231468
233736
528680
945588
361100
657294
226814
413181
558613
849878
437047
86739
571604
561182
381699
376861
352980
390653
79852
449091
809042
687345
209788
489287
738792
79725
450750
385360
75055
946598
764306
725903
276399
897960
404778
253776
346153
955797
843033
637451
435903
379331
708699
712140
293785
212285
677102
727235
635544
96469
682080
132020
47341
99512
898038
606873
476067
389562
21590
476114
722055
240064
953163
103596
819661
250809
464727
917789
26649
334979
188582
939392
938803
868229
757108
562967
269045
833592
112545
895357
203287
36071
64279
780908
398406
597296
96213
571134
549054
802528
341600
688295
93669
403063
385344
178411
28123
661864
591065
476603
419688
547321
352811
738004
139328
174228
830351
183646
201867
458181
290723
391638
749825
161366
577942
727105
882217
494752
303355
166985
534280
733130
344301
815647
440638
34664
792151
302978
263667
438885
412548
570992
926291
609323
27805
692231
91786
91808
840066
672574
114169
69087
261567
91037
627229
815805
876910
551877
106086
810899
872352
985635
376288
479649
12290
943998
784217
335313
857013
204244
901948
560403
137022
931542
360093
720625
6659
513660
291502
704581
865483
676261
495439
562246
128986
147311
923464
24221
355186
434473
861142
564492
822594
689846
238401
700164
215664
923209
428292
894373
608546
287451
35033
71425
921377
282429
77183
148005
948156
786660
53435
753883
344248
928540
238008
818379
467485
249816
210973
787776
888554
408538
577254
75868
528637
972944
697767
862160
200791
356857
901959
844965
846640
98692
762876
871807
607846
9000
683738
41861
235178
484710
995910
358282
898689
557964
869151
457734
359865
546092
314885
879786
163379
661070
108103
393533
787226
583081
742480
899976
518444
611141
411400
490646
295685
533590
538910
77204
420906
311468
478263
914371
161326
741255
623321
920312
817956
81358
944762
402200
818974
389972
606973
57587
331441
858616
394774
289198
556357
823472
529143
147837
28395
166295
726797
241134
811865
285202
625104
400146
426986
563070
858407
413914
776920
841646
731216
610622
739251
243567
279576
765099
987700
124073
254946
594740
426275
206363
551114
46306
281875
511743
258798
491024
860115
986716
852760
592912
647009
332628
432111
205042
386472
758962
260631
343510
867365
302954
7946
764614
394174
947136
952202
414314
595913
953067
76724
728842
562326
191013
459232
732734
67490
61083
210561
951697
157994
831633
878427
238007
173714
787772
927878
390019
792410
769743
773716
396246
887958
932396
709590
674010
12017
301996
461049
875844
862089
344363
542268
678076
758219
401083
267410
959094
103773
308299
721138
855904
907007
746081
721978
209645
224010
56763
289117
903501
426453
430115
44113
474310
960014
845499
284048
308767
646070
548528
145193
164443
811536
439364
763323
668440
281280
621426
827785
281534
418210
811030
227469
296583
416718
397434
699033
169270
832353
899381
347485
486977
96145
502501
966100
558901
552336
875379
480023
386874
334270
263458
778519
74998
422883
794466
220702
898400
873027
186434
291071
141102
394154
471499
162739
52653
745726
245367
403843
911209
805688
281900
398957
953420
155723
556707
121135
190284
465966
511026
23962
791707
336335
586340
879459
891599
946900
972280
271502
16860
743953
554774
344913
918613
82014
101582
809426
637212
924788
436148
583718
304357
241105
319847
817268
647605
520201
731200
665180
788454
459255
904557
366703
55719
211371
593181
729653
508758
91623
569327
865537
616617
6927
312268
191397
731531
400114
817238
843889
650157
538467
888775
26301
239842
738729
552622
626892
964144
310213
83921
599492
902498
819306
693183
270794
209193
884890
201423
992322
89737
794911
124157
836771
588114
989805
710063
52926
943300
267669
912809
637554
859210
310571
786370
627828
545984
753026
554739
259017
698798
787984
334441
648121
276282
546600
586522
275891
30732
327028
601424
365275
980902
318655
41066
606834
119665
779072
923939
168757
901801
235674
284391
590287
752135
931104
999413
480212
813263
500892
339072
351094
790280
927743
173525
422216
216458
943782
984562
137537
281976
43543
640669
878979
923249
460613
551356
387867
849978
67116
268294
904812
336511
730962
363953
532986
554535
541524
200563
153977
148066
721198
112795
703557
53987
127054
764021
285396
381768
967144
488642
804830
618452
509743
463721
174907
962420
829836
792151
108863
609190
616116
488858
783959
169711
620319
23593
42515
693510
141413
829751
861163
778594
185762
737993
444032
538003
38836
476296
197802
419922
397519
142304
920376
597824
541262
691008
433675
252995
834432
425877
57
503889
863748
26848
804371
986869
148226
970416
331158
654193
730850
939451
824627
752414
828783
80369
754907
856832
306497
692800
934206
168775
542090
311680
825081
887912
39019
104676
988413
26797
971702
807681
259022
246614
175663
224364
669804
615049
30739
621791
224872
409228
470304
80500
661570
401236
862873
411974
208631
831593
151913
779594
851531
834920
476955
219307
158454
338153
849295
594648
263610
501850
413394
791190
191595
870492
400449
363454
641150
378803
680488
705557
105855
470088
595897
408366
852556
210257
576229
340757
319678
911204
552981
352972
490474
312446
486748
674056
223525
438398
971893
484415
780362
196537
158228
27272
290948
116588
223864
759921
599866
333384
205548
621382
352303
644266
145478
811404
699539
792581
346287
332109
737408
489112
824466
279958
923624
896054
149113
188201
449023
437831
834492
860313
558598
914765
893558
389686
783163
365590
563551
72616
510431
830826
109324
183752
865170
841995
201802
824733
243482
825841
500226
373240
684797
477615
994565
426757
626580
312581
760635
755659
38875
750179
824828
563352
141502
186096
777346
346870
591785
970917
166146
213519
146597
298709
593161
350650
879
898163
847290
474535
882763
29451
483705
503143
190059
2458
259275
759972
300947
851104
156122
443327
183028
517002
758747
79286
79066
197082
680379
815140
77879
499188
53583
82304
670336
898957
24894
106838
975073
843795
348631
811699
853922
971952
179554
127299
519290
769558
31884
10622
363155
654397
869188
426830
531214
21415
33588
819640
913378
424613
858608
510685
630087
715354
520227
828131
142686
495436
651175
183182
924224
208935
27009
782947
698105
349847
256925
876326
140653
141598
471324
363252
361940
623934
24141
556630
572797
871345
740854
189649
962152
130294
338336
324299
543239
604025
367753
29250
356678
759737
821438
20264
134562
418210
55617
751846
917169
843335
633505
881238
835051
639908
822166
6077
183962
709272
41109
149699
762514
970462
371021
793387
846976
729069
6188
187969
200524
23959
564119
881132
655594
75822
469365
89495
689157
465187
113154
967970
701124
461539
761608
261718
417507
481543
754037
401090
156785
387182
230910
353784
116608
384480
973574
87012
354675
239304
946932
705923
790320
886797
96560
869928
46158
408775
87719
230041
164527
267209
805022
171811
420471
898232
3733
344896
451936
796299
868203
1165
117808
985047
556302
512557
603142
991226
346430
270457
205568
381518
330465
590849
482694
427521
587864
67118
476805
321082
704966
424655
671354
762376
562980
266793
311922
854491
408805
868418
527216
858422
913144
158792
974688
32173
50542
798399
423080
878228
908006
948472
521181
943405
335059
600862
54774
817235
274155
902665
282888
270730
534530
692164
577501
709563
53649
405943
506600
378776
534284
597484
583633
922663
448832
958707
420659
707248
260030
751706
619153
625401
589701
148457
736527
9033
31292
231497
865048
405762
719391
984996
770062
761908
755724
415490
495814
204566
355742
172317
993936
689727
2770
852217
706109
345492
983498
456519
508453
520045
533730
983377
45084
575412
165079
195689
445198
763820
157544
935404
211754
359402
374653
76500
621220
437796
573345
449930
551533
33897
902544
669361
45563
889244
193649
62085
294059
691524
218457
282461
692942
45184
947385
396831
232689
223232
440273
998122
700325
280180
547089
729617
256014
583909
801825
575398
41986
735029
237055
476171
717496
357856
669865
455245
180335
159824
584470
115011
424271
832906
995925
520400
273016
95937
146164
707154
44426
78693
853315
597941
261167
556395
872328
171788
791416
980429
921839
906764
793545
51268
314877
460930
111892
21664
832813
119298
840168
701425
895718
809547
293457
460726
683640
810117
744981
414960
39097
57162
223754
476984
56324
877561
688529
152841
723109
217003
905605
111013
334468
282121
345430
588781
541086
826251
826764
991099
995539
711080
755608
250652
705924
852921
965262
406656
638818
756204
25796
345165
750952
413747
573352
90089
244789
69355
387238
236271
802706
510319
468247
212704
479061
752682
40506
647845
36633
28850
603464
467784
561198
948441
672965
645410
966266
693571
220096
999657
470915
347957
198005
83063
961707
783654
734575
102644
63088
781338
124306
204548
282226
461516
837640
314451
898633
707733
904868
134026
335142
715556
61211
853349
159216
323338
176476
503678
319848
878269
209422
975266
393231
292881
378145
527664
199994
996187
723322
118353
537615
18601
800380
58160
869924
928424
112272
844488
660881
672559
180765
276878
540185
653814
733614
850159
766405
734480
177133
372568
274326
435804
998417
687502
829846
479389
90706
205450
665312
505768
585744
474376
314853
238159
206238
407635
993041
885553
604345
884415
754438
523224
88556
406032
272176
40961
124421
290155
117878
305021
386456
650575
679913
790003
256713
664983
698148
218094
543015
497468
35916
782185
96588
132878
606899
552389
404904
475659
538379
167523
614864
819725
482801
907494
243766
99945
468423
229473
73156
217358
205838
597297
846095
316279
285001
961462
751017
169731
581955
399063
703711
336454
345050
584696
164993
959496
593124
271264
798543
231735
214557
815463
628200
240457
560047
467888
374585
927578
822030
773048
592253
865815
739825
209930
300617
504791
486871
154387
160939
29621
846146
356649
536819
94763
598084
694197
363163
172804
382783
11377
699584
805318
40411
160953
102103
111662
309742
587922
346390
957928
39797
828613
972661
927823
326513
84903
659404
429862
976747
353402
367772
134907
850269
475426
175832
946505
980378
613732
666802
395142
223701
642576
469254
911713
67247
563126
755309
312854
231835
512268
536458
791403
646289
785973
870711
331092
679747
119406
973290
849514
32627
570980
621666
216187
201756
231024
754155
499858
935298
614479
42924
783781
718221
325299
301256
168348
891452
256880
140114
613751
104109
555307
575769
205029
102829
572004
742965
98861
630935
190678
893644
176251
478682
854749
617773
126256
497829
763686
422873
224441
119012
177330
912976
549689
627676
609871
314708
172269
740994
74638
997132
463462
697681
932934
997729
887341
774344
50883
180518
874394
237044
907545
180700
795726
639380
989087
65155
285449
935231
330769
773175
466387
52985
22946
148630
331606
250258
282069
510813
364184
147554
987207
258694
136680
819710
49599
653828
881892
110453
631413
608171
290406
752024
135866
486826
713438
933268
321948
105231
43734
805531
256682
264109
200797
771942
772359
989468
488160
741653
583280
774417
934758
766271
698071
244937
392252
503557
273533
724214
444870
311842
270531
650863
756378
369992
513494
315301
495997
184375
710868
461315
160096
954363
971170
444743
842437
949071
146195
144480
637106
631976
128619
41553
176261
854160
691369
326695
786061
591953
632133
435930
762822
188421
862846
435951
579115
834772
257321
288763
53171
657035
854095
703501
492135
58136
808624
448331
706357
125613
178770
794909
723115
291212
643439
731370
772943
940785
703187
596721
296841
171716
608241
194392
875711
701009
877009
917566
157577
534557
32068
543400
764936
811533
512082
786460
751262
409967
727361
37656
125880
151357
274660
676826
654136
513132
194436
308205
469840
184529
337359
911925
133960
421687
781957
839099
2319
673793
413008
916071
653572
903002
71509
34
95387
676511
475247
398743
242698
860376
131207
12095
992354
569735
725868
120276
616598
75733
497063
268976
636206
165329
752450
159138
132751
952401
440028
826528
28322
227657
717821
621852
720730
56453
544371
810194
979976
131085
773052
295568
707208
299689
46118
812065
98443
976076
41307
899532
356123
544869
775552
145044
642806
692548
714454
312330
338715
97759
332673
975757
362085
534753
369022
187117
781891
276043
73280
296772
262746
944785
322249
204180
381387
524287
290567
552418
42889
346360
134028
271335
396902
365000
389509
242180
811808
118987
258949
605152
166874
84148
166478
596522
537527
202036
485080
891919
644114
243619
644918
130671
993182
825217
993969
241716
355960
912050
825681
392325
656821
652972
646881
753337
726299
639624
98760
669709
816694
511675
348453
608703
379868
771464
800648
291921
72583
787605
320923
166227
887916
514204
581114
74324
144698
517549
30384
63663
280966
536855
541450
942688
542877
993153
440091
235704
865073
212926
891686
351767
13980
446674
53006
414183
629514
614017
267475
57529
835576
895346
997621
739178
845901
166979
155211
342856
948250
312545
455934
924839
96457
828074
325154
755837
701617
767801
41100
915108
448459
612707
120001
757447
888391
234976
481746
415826
340080
474443
216557
246008
733641
81364
425017
790151
741465
198074
146436
139873
740039
148448
139376
4652
550772
256857
605672
293356
522448
81005
972295
318592
861492
550673
935617
345678
702915
169543
847376
864229
85816
922994
86522
684212
750486
640555
232950
641521
889899
318625
825122
371967
619808
315220
931729
240202
961018
549378
696016
479509
531504
128095
819703
336712
782071
143990
496551
642423
653329
831792
74921
908388
504373
785810
142326
937202
81480
297272
114634
111779
116601
9401
390937
113134
82064
994049
274252
719979
283280
985952
296112
234426
819363
595693
299569
969859
866306
49368
291640
293489
799139
551312
561914
857929
372894
514057
295131
163384
391800
972710
753885
843519
245023
693851
736157
972504
331660
907797
247714
580719
412435
359130
526096
384561
459809
7807
912685
300111
746023
183583
666963
177698
154892
450401
644664
768552
928300
214006
232005
837939
718622
895229
707824
769439
905945
362621
680609
259848
647928
157700
238872
288147
419093
612280
719964
242542
588323
79148
812143
205087
44249
786803
416735
399468
453230
536271
341206
255499
498314
757022
513525
641873
5192
610064
287911
407584
444579
570413
317649
116771
913407
534731
586384
537570
685986
27588
894496
781548
118485
835588
1877
740444
864282
973920
973023
224859
729678
775551
446996
881221
806572
662522
241161
982667
537575
354814
561296
650685
211158
772260
699300
687957
370006
10365
873338
750609
161948
4003
97953
108363
933348
512777
179273
532277
31626
434456
813144
605655
467057
451312
771313
70353
616985
178965
175989
371772
590878
885228
510414
838027
294533
20527
553749
425025
78422
176027
133251
495533
547737
363202
517385
948149
271256
604165
2303
384363
983078
907305
748626
170375
328615
558234
627501
590797
432508
304527
708701
354725
717843
234400
207851
818739
714225
288922
241961
719131
996006
333342
218900
644760
923769
100599
314482
374477
356267
490524
449483
306686
148528
576084
197799
106118
854951
392064
225378
493119
364011
835651
696100
747339
917785
229867
173656
133117
159127
264804
893766
966975
154344
568935
406836
104896
354268
444264
328637
922244
145392
918056
100932
98915
932433
731654
261163
773040
874805
497770
485098
620068
390281
238939
931206
779577
373304
296152
598372
522560
32732
943945
362743
974279
303506
774610
866069
466990
223639
96832
542508
266753
866611
733070
705122
397795
388011
775409
736690
679687
970262
149814
834580
471413
929000
697625
362011
674695
257414
321417
196794
862112
673225
999605
769507
284688
709036
248107
560003
282617
665167
639996
616336
849591
181615
310814
263351
857901
219479
410946
495299
116624
833562
34191
456409
259873
784417
350284
149369
737220
58107
906240
272573
310628
433585
438346
97942
475943
824478
198786
96121
800380
767019
700269
324659
864681
932474
21977
101603
270267
636133
994161
640524
956835
47119
851781
709947
871522
390346
897008
946441
65148
320994
50765
692112
823127
536726
490471
292290
912368
403863
509404
773668
661932
691958
645123
893645
429411
879100
785171
532063
766485
22080
825525
392580
349056
825645
453834
777358
429821
161290
670237
51803
431645
230676
580223
266310
191385
732466
839497
760661
899523
215019
641121
31690
986144
68047
609164
351199
994481
704109
749801
419459
251815
626652
533361
161382
225951
738416
880072
531219
443040
829037
976306
553227
434319
771515
237804
581163
427762
37093
745105
194942
176581
130489
404016
307066
473087
51988
995724
125457
898421
189377
981242
265758
823179
286436
967725
143348
585943
342789
779063
711297
342141
474407
578240
522219
126001
373662
829847
408815
250633
167317
691571
528694
951096
413472
411931
547240
393262
526762
465762
933422
122717
941269
234638
726657
53434
192535
33289
681864
764024
193062
42773
324226
939640
912963
112348
888980
741332
332961
298266
508562
49870
95436
521378
25811
186163
639524
861037
352874
940818
416440
61390
391151
466960
383127
640742
8211
837842
740707
427490
83296
191939
505242
423055
239517
164136
742195
588770
477934
287607
356638
670318
762939
279443
569469
683417
794147
116452
693261
953234
759963
934796
681575
949264
720240
96872
955041
406874
747227
939562
412381
585309
395856
123718
690812
779821
571737
343946
993305
158033
197613
609617
159089
87346
992426
204435
35494
65024
219862
55150
57453
825525
449242
272074
436776
386807
818142
147448
65158
439884
140425
784824
849818
595010
251231
582761
803129
299430
442125
362220
187905
9057
597180
760628
919269
734724
550073
474055
405782
798502
998532
798898
204062
257637
193319
139117
766851
994600
894401
193320
100862
911581
512973
402629
463281
919079
548116
792612
967135
610386
16588
175671
775830
198817
289090
681528
172744
374326
732569
672335
700249
403173
478818
340263
277473
842246
931572
157174
183727
255813
951948
657442
370281
744099
820405
516595
562185
945172
714119
700015
422822
237498
582498
248799
940484
660363
133095
466877
843095
677000
647685
304645
696949
155815
754107
652845
755196
1158
207550
694522
204742
792301
235666
283196
18931
951107
384468
376434
630224
911915
619925
555686
890751
243733
392441
749732
795636
393058
753839
835835
88648
583305
870679
555439
482573
329878
217764
957163
12840
167783
597705
970651
102912
976332
62159
547327
613872
628447
847197
591719
82857
779481
274717
126036
481869
718360
258546
365091
961171
774928
711471
875465
800981
599948
637956
395618
271579
753511
557095
838542
195565
174622
371095
837872
836079
613850
710930
398428
806771
704270
334522
945683
882942
123149
143510
678028
714316
340244
487226
680786
996030
834355
498595
186986
819264
884409
700319
760994
5043
996109
157968
549635
498477
418878
176704
215230
725920
449548
481002
975836
488101
541564
827521
963314
413695
664697
625295
614199
404124
75689
50590
181846
990665
351768
484226
736371
650103
97433
492338
231104
895981
122928
949376
143533
84524
748463
744285
933015
645814
289853
971992
352002
435499
63392
643557
850604
980956
299905
214061
961854
217579
458657
744613
123934
419335
140992
662354
45842
461670
761335
700126
184890
655426
825341
453165
935712
849235
851823
893125
508484
641540
528745
45337
75185
332647
684402
709330
901339
238906
406901
826062
906395
500588
645874
943814
317201
241232
742689
882173
20291
623838
249335
660743
638752
650181
218869
582474
750357
199868
848492
76582
872495
10217
457334
753573
686373
554664
435323
165635
905308
321807
185121
846038
897923
957525
314808
926678
493613
9513
467597
929308
835980
374335
413231
289548
763876
91816
483106
623736
181429
347296
237082
494287
786194
808880
225627
453071
939956
949642
648787
65293
733452
617667
976806
756725
74773
355502
135845
297649
620949
357195
851932
56389
17117
343506
850920
97069
782843
894995
211668
343528
396348
504300
926102
485728
41495
916220
451421
512327
350881
670102
311786
808771
282883
124272
352319
450067
513297
144981
47834
735958
765688
890371
873319
33115
117758
850386
583232
451213
298936
341637
985255
449973
953613
831707
443585
50835
968547
180750
942803
336535
360650
618162
148494
20845
604595
384923
647542
696818
107422
85813
560222
327777
77400
918771
797923
749477
3119
177460
483753
750589
734584
188466
580663
575319
202654
898644
992590
311414
66791
564487
874396
866750
998432
200126
50143
482396
78812
379157
117838
182691
889223
203904
278261
612639
240828
292765
88583
707875
219877
614024
877556
343280
514807
73114
75406
588193
946601
532393
101802
467882
618747
775602
561988
815911
435958
103283
888218
705035
260232
304944
583768
493879
912707
246230
871931
969423
807441
697197
902999
458205
313536
126702
225760
812440
214054
832987
537904
666812
639507
691275
743354
39563
500959
663962
132589
832038
258386
837766
563093
54700
276417
161645
843192
534663
268236
988555
634067
989621
787685
137170
170189
933274
999243
496801
99943
140435
104030
159741
516950
843054
621525
788099
699348
206459
586312
76426
29752
497905
705537
456778
131369
649643
680935
569775
342502
561210
989394
223563
311902
398592
934656
30864
887168
372184
905689
392897
175370
227435
482706
571191
764704
892151
244164
765162
203860
66527
656133
880820
807719
283513
168051
335099
472325
327727
754934
608689
719674
442466
108955
757664
939905
403965
203155
369223
622097
133184
427292
693812
316399
781478
38313
213304
700106
847364
550815
624368
494811
236901
845722
432203
425256
607364
29570
964704
91912
119208
766499
93922
121884
575400
798128
204754
940393
57238
338469
581566
937314
488883
492257
478122
334050
365175
356263
334683
826836
386113
109907
783086
931492
643988
12505
749498
359755
935598
503773
30135
660034
127770
48330
564196
409110
920767
51719
795781
863848
213160
816982
767306
480223
920322
353508
531263
116896
346894
616664
903872
916753
822960
735298
131976
256371
341050
872091
579000
696097
473473
819802
534525
209901
360696
320449
32083
885530
180153
500150
499535
81599
167866
841604
622492
180869
329045
974925
392585
825050
196111
95660
851502
242912
127019
929552
425819
670722
670152
52078
901940
527967
670363
706367
229080
17985
520504
551696
864016
273117
153460
776089
255326
225315
752579
773706
864394
857645
642228
279083
982855
89634
879553
652408
439275
110695
848651
832190
776969
965308
886852
679144
250474
659212
955071
819655
336658
527838
575219
715799
372645
253740
742485
46345
755869
214925
87990
170883
115387
164477
540521
746032
118443
105416
186740
867416
185895
515808
355235
634378
841291
320756
94873
62283
821662
761044
368141
904033
951131
70752
351431
501314
601928
632391
443533
109265
601528
731
408983
66873
833582
800230
816689
806509
509545
287423
709533
126821
250161
724347
695267
982477
286874
173468
289375
889825
38508
665550
693317
519246
670204
775209
292923
864279
175864
618077
619716
342869
644086
138586
500554
848026
227491
124231
402527
869094
256992
748987
354427
706144
918612
807771
592719
522452
998487
245299
352081
681611
70761
904869
657147
185803
838085
201010
651147
170109
654226
140223
400570
87396
773357
203055
443993
261709
596183
895064
239117
626032
580557
314139
851421
350086
93642
556299
213019
328950
931214
828283
648922
259622
919132
920851
421340
483333
17127
620648
963438
720828
763407
974618
198601
802097
558688
397511
922499
12048
427815
349413
516201
585204
451004
696800
877603
437113
58906
649465
689198
11721
446513
39184
823912
406159
295423
199109
994013
717211
97577
915366
397839
568480
311537
720556
391132
264614
831889
900861
12962
294282
94366
923866
338852
331576
445156
243824
665591
34115
265741
185579
856295
365209
828110
789953
117835
987162
802986
765077
903552
924179
21279
731885
670548
970274
14282
267722
825460
591860
487040
968677
825435
238869
484466
409252
983071
394136
600246
371672
905609
806539
526318
539067
73874
896777
692834
45056
638853
729133
249353
552842
784952
860717
801091
372619
192475
384817
112415
184468
663768
775023
836587
291155
20646
749382
731738
700585
453816
462601
756898
811086
185742
873018
77771
952020
125888
110654
212910
7842
737818
794333
771660
452332
707777
151216
9048
341601
929471
112774
148431
899211
294025
33301
536529
646094
735765
720640
863206
209449
261990
938762
959173
932577
913269
298252
916184
247738
868683
270438
790139
558941
837865
475533
354080
769091
459525
872344
503865
899617
63896
497098
47195
963034
532224
133300
547938
963028
40186
945190
734819
388523
45104
554548
685214
662034
752496
162970
674017
120729
373798
394328
307594
57586
796621
381082
862882
706487
83280
32070
561289
147037
500477
917278
480633
977292
965919
73694
828443
102716
723263
536623
382338
151827
840443
605949
309800
681539
100007
931692
869974
558712
880525
183626
141927
841725
575109
722331
96680
833615
773699
535528
490882
772102
819113
413480
198583
264492
793377
779817
255423
809070
930266
629207
865883
806353
426001
115421
683486
747286
60036
923859
445133
16676
172651
820266
217486
356892
951185
925067
208926
916887
19692
467274
102283
30909
587882
21394
799775
47785
649024
289642
355061
254162
448360
166191
254654
747770
851292
988449
220141
405394
925188
813901
486978
215714
620973
191280
526127
809353
151988
480600
867222
123923
671607
122955
226445
237025
989381
997797
206199
148412
985306
102166
159109
123919
629935
952670
952556
263624
79203
800176
583410
479947
480152
984130
782952
933241
602532
165642
276348
735251
500086
789607
948640
376687
968865
10742
198428
936502
569887
14724
293053
804381
829113
783338
588978
996454
550544
996824
8194
445293
569478
957460
634598
636017
133135
27359
396209
896337
369427
409230
188352
493295
448217
711416
688924
22300
819686
86722
482404
420567
889421
809835
809893
766518
233142
879009
523700
261768
418034
225348
643935
543361
659931
655402
15113
385656
322780
139977
172100
872516
167280
629629
390148
110525
256130
986439
277095
300998
323753
52645
747538
242048
225281
981491
653069
292885
314999
719714
632439
933142
334097
789680
970338
620649
766215
467587
925295
986174
399902
101814
549788
736581
763323
687636
336773
626811
865436
771612
110535
736751
704452
308154
228476
353705
807641
774722
22740
338450
579840
789994
389636
272839
45514
557734
286026
979569
589556
991493
709997
669010
312734
440405
827731
4271
683641
26179
961670
385131
119418
463745
504938
475410
103565
133623
847958
595663
833717
128870
226424
735593
433765
984899
137214
982233
747717
56702
896783
91345
888938
681481
97311
859051
950060
652748
723665
930503
345868
298934
574776
342373
933844
832550
777353
843615
670140
605201
887602
912133
884362
792809
476136
587029
952598
672869
143319
469598
427132
401559
769767
826072
99648
930193
202704
477360
772473
523571
208477
608578
244547
847799
473254
403053
470
116490
842095
758853
404951
904091
983982
280699
914376
710786
243693
434941
61707
230725
944102
6506
783866
69873
575756
188959
127106
369496
258447
540046
181879
614181
508470
4128
321127
792269
286742
277552
871720
353282
749826
293159
152535
93277
690827
189875
421566
397341
357018
652398
102672
636471
879935
291483
241278
363847
411325
221491
389126
31674
799430
814340
355083
981438
549398
507386
309824
364234
684313
861388
61241
583949
171298
560109
598025
976706
891786
583043
873740
499259
984789
816908
402486
166208
935402
213627
936309
894422
11162
37309
265027
591577
191929
828660
219334
748435
638473
352884
189044
581703
421368
627414
319126
84370
654814
826808
751009
24499
418975
368971
28711
644173
544693
418949
348205
250406
931218
974017
110030
6843
309300
658124
772211
93705
14593
520952
568233
197137
928018
160438
599008
591033
872756
518993
375788
349200
313118
411346
133162
529080
979755
167134
476796
350304
146968
38727
432256
448943
816462
858205
515923
657345
25902
503173
583053
90293
101032
381011
133202
980407
944423
634444
618269
168814
854878
878224
281973
598903
441232
230739
278524
225977
825711
207037
327233
151845
818294
194325
274581
257019
789569
251384
703115
717776
558388
619772
411556
415154
221344
662651
501861
965813
648189
590904
727099
424135
325122
241275
670450
798879
818954
259036
228841
854436
89861
7948
297853
788797
906303
19728
459214
932415
393588
617618
768684
265587
408302
492529
58416
788222
404009
48318
733348
879523
207774
997911
889666
141957
593025
813324
732235
387766
97353
536250
59148
572500
927992
951850
526904
10717
796724
794127
767316
981535
171072
450982
563779
724480
200635
589421
562008
44508
103153
590203
333024
814299
756406
630176
349861
990883
183470
457667
651788
135760
800502
137910
770939
468254
360196
707341
804399
728657
941705
318879
873788
48162
104947
321629
107543
608246
454544
516203
128840
61872
722399
621807
734470
900309
352557
911727
54999
76184
866126
191214
121034
992759
153507
896338
743241
577346
230456
52006
600052
179932
666274
478021
706893
669688
695286
241556
827494
677900
280875
720488
848539
873857
575693
813071
968011
38800
347427
541752
629549
670152
878197
509789
844623
500317
898471
928295
944726
792832
909888
326995
508742
468731
606831
88580
541894
545682
628687
577903
368086
200976
861009
709409
971148
71752
263502
750301
851079
827464
484340
432222
500469
407162
124739
385386
244035
670759
168208
147243
124618
931441
256547
234846
225826
764255
473634
885153
703545
347842
994691
179420
936347
565132
977352
704384
534739
756602
428238
641797
497934
837400
239732
810695
94288
88689
634933
786732
754145
793515
361923
181936
650327
261388
964429
734921
890644
289256
8796
883121
903061
396365
736757
472552
136925
928175
465592
736322
726997
402074
910392
609958
465425
595524
388256
437482
297860
107398
602781
6812
50260
125638
524906
992277
18375
14643
429818
380720
870643
99099
81549
442072
642277
832530
769511
161487
663408
707449
382355
714940
310430
253670
717388
851869
809205
446389
450787
219002
642638
930511
804040
626908
291088
807559
564994
39218
801980
288635
565031
499127
841221
847283
478473
738530
801310
881971
320216
633019
916968
745474
434322
566547
726529
590081
796031
888967
291978
608140
423471
824262
851567
629937
778691
976631
56922
354804
822785
549835
47691
364947
158916
17263
819690
541271
535874
89750
300353
231533
526051
100907
277265
425181
836128
854398
569659
383331
389077
745757
54354
478646
665121
754668
489482
259823
756735
912818
462197
645656
202264
302660
918258
237340
53169
515130
602717
725746
329020
287298
990282
286856
751429
100080
393653
258918
114984
527949
264443
134854
143339
44410
149970
54058
589620
184461
537099
149027
155783
242925
931863
55194
120149
846143
445406
138764
746944
859282
221210
147913
407768
86594
699897
109162
531303
41696
875261
937858
725101
284786
219933
484532
49240
415173
503266
17856
809038
200852
392714
968206
191767
824043
668250
490321
117677
391113
389245
377813
738236
314436
237301
221194
128214
980232
426101
463893
500697
351669
685918
880394
611903
370665
827084
835471
308972
419090
856243
275361
240953
149004
741931
206130
598005
754959
645790
677737
907773
788324
725153
402074
402637
185676
768817
240344
499343
69845
759145
780496
790317
746803
194117
662754
266
341315
992178
181872
221656
763998
183975
13294
120745
635716
274796
890805
970518
406094
396302
487165
308419
15112
106407
765218
533197
679477
266212
242327
738986
712601
17258
220973
926006
192449
662243
481410
565226
758409
795229
412019
760956
875637
467587
641433
739285
549481
693180
205634
286566
653091
28573
135330

